&input
  asr='simple',
  flfrc='case.fc'
  dos=.false.
/
21
0.00    0.00     0.00
0.00    0.00     0.05
0.00    0.00     0.10
0.00    0.00     0.15
0.00    0.00     0.20
0.00    0.00     0.25
0.00    0.00     0.30
0.00    0.00     0.35
0.00    0.00     0.40
0.00    0.00     0.45
0.00    0.00     0.50
0.00    0.00     0.55
0.00    0.00     0.60
0.00    0.00     0.65
0.00    0.00     0.70
0.00    0.00     0.75
0.00    0.00     0.80
0.00    0.00     0.85
0.00    0.00     0.90
0.00    0.00     0.95
0.00    0.00     1.00
